== run 2 publish-ns 0
per-message          |    174     657    7458 |   3770   51065  135031        |   7322   68912  375535 |    170     685   40308 |    28.72    1.00
prefetch             |    173     650    4865 |   2063   30792  358882        |   3723   40548  586683 |    286     927   16849 |    27.93    1.00
conflate             |    190     721    7609 |   4430   36491  381807        |   4338   36149  381807 |   4336   36149  381807 |    28.71    0.98
prefetch + conflate  |    179     691   20162 |   3680   81426  670995        |   3596   81960  670995 |   3596   81960  670995 |    28.20    0.98
== run 2 publish-ns 100
per-message          |    320     972   10945 |   5748   16868   45692        |  11173   28600   70913 |    314     892    3585 |    39.61    1.00
prefetch             |    316     954   12245 |   4446   50664  279978        |   8068   77887  445793 |    455    1824   36868 |    40.63    1.00
conflate             |    332    1030    8930 |   4650   27079   52372        |   4583   27117   59138 |   4579   27117   58737 |    43.68    0.98
prefetch + conflate  |    318     887    7739 |   3979   49681  576741        |   3917   49681  576741 |   3913   49681  576741 |    39.80    0.98
== run 3 publish-ns 0
per-message          |    178     719    7003 |   3555   13822   53020        |   7016   27528  241614 |    149     667    3063 |    28.40    1.00
prefetch             |    172     661    5090 |   2161   29277   86137        |   3853   45723  113470 |    298    1087   21121 |    27.51    1.00
conflate             |    200     831    9670 |   5064   72840  349193        |   4973   72151  374547 |   4973   72151  374547 |    31.49    0.98
prefetch + conflate  |    191     749    5707 |   3279   33218   79906        |   3211   33218   80206 |   3211   33218   80206 |    30.64    0.98
== run 3 publish-ns 100
per-message          |    328    1108   11282 |   5838   22472  134554        |  11322   34769  662496 |    322     873    5018 |    41.97    1.00
prefetch             |    324    1027   13173 |   4698   71230  624194        |   8541  170268  972473 |    494    1810   45140 |    42.37    1.00
conflate             |    329    1050   23656 |   5370   49340  154980        |   5257   49250  265908 |   5250   49250  265908 |    42.92    0.98
prefetch + conflate  |    328     968   12004 |   4086  155495  524404        |   4021  155738  561191 |   4016  155738  561191 |    42.63    0.98

[exited with code 0]
